platName	amount	bidderNum	borrowerNum	incomeRate	loanPeriod	totalLoanNum	regCapital	fullloanTime	stayStillOfTotal	netInflowOfThirty	top10DueInProportion	avgBidMoney	top10StayStillProportion	avgBorrowMoney	timeOperation	developZhishu
陆金所	231122.96	37156	73014	6.96	20.48	73014	83667	0	11702613.15	45711.47	5.25	6.22	0.01	3.17	60	1
红岭创投	26760.62	12874	2752	6.4	1.06	10169	6000	14.61	1538178.83	1142.72	1.6	2.08	12.42	9.72	94	35
微贷网	23807.29	11051	3292	8.37	2.66	3307	12195	1.27	1352275.78	4481.33	4.29	2.15	0.5	7.23	66	5
团贷网	22295.25	21630	1199	10.16	6.17	3669	10000	73.66	1848808.4	9003.86	1.63	1.03	2.6	18.59	54	17
PPmoney	15242.86	40416	15484	8.96	6.89	17757	15000	5.22	959261.89	10726.66	0.78	0.38	1.19	0.98	49	16
鑫合汇	15174.44	6555	32	8.19	3.3	4408	5313	13.09	441896.42	7032.39	5.91	2.31	67.75	474.2	37	48
拍拍贷	14926.71	19985	56898	17.83	11.52	58425	10000	1.37	1463202.42	9530.88	20.48	0.75	0.07	0.26	115	6
口袋理财	9263.26	22167	43747	8.36	1.92	164581	5000	5.36	432721.17	4169.83	1.07	0.42	8.75	0.21	25	30
爱钱进	9164.15	51256	75731	12.08	31.05	114934	20000	0.19	1421317.55	4961.81	7.55	0.18	0.02	0.12	32	8
宜人贷	9011.18	66141	1461	11.68	33.06	1461	3000	1.32	2883232.12	6399.62	0.96	0.14	0.02	6.17	54	2
有利网	8983.11	57112	5521	10.29	24.8	28535	5000	0.02	1088010.21	5645.31	0.8	0.16	0.2	1.63	47	10
你我贷	8316.32	45451	27718	11.25	21.19	72059	10000	1.62	1654923.5	851.38	7.44	0.18	0.74	0.3	67	26
麻袋理财	8173.13	12098	22742	8.03	18.5	45720	11000	1.96	565935.36	4748.12	6.15	0.68	0.09	0.36	25	15
金票通	7388.54	675	10	5.21	8.38	37	3000	98366.76	943231.79	6163.76	89.06	10.95	13.03	738.85	28	0
小牛在线	6685.72	4365	351	10.88	7.19	354	10300	23.28	1125275.29	-3008.03	0.68	1.53	0.42	19.05	43	0
信和大金融	6642.61	605	212	8.02	6.16	212	5000	0	920261.15	3955.49	3.12	10.98	2.99	31.33	33	0
投哪网	6579.6	16428	799	10.42	9.9	801	10000	0.02	847411.13	4452.51	10.73	0.4	0.35	8.23	56	11
民贷天下	6573.6	7637	5159	6.74	3.03	5216	20000	11.26	183412.01	-260.21	3.45	0.86	74.95	1.27	25	23
向上金服	6433.65	3831	56	10.24	2.06	60	10000	522.88	285323.93	1760.78	3.43	1.68	12.81	114.89	41	55
东方汇	6263	861	62	4.99	2.42	62	20000	478.39	255074.49	-743.5	12.66	7.27	8.27	101.02	31	22
翼龙贷	6202.05	3111	30	9.76	7.31	30	10000	42.16	3086645.28	-80.05	3.4	1.99	0.47	206.74	69	13
金信网	6041.26	1071	419	9.46	8.07	419	10000	225.28	698822.08	2683.92	1.65	5.64	3.77	14.42	32	72
聚宝匯	5818.2	606	7	7.2	4.95	17	300000	467.2	2686717.74	3589	1.88	9.6	63.73	831.17	30	83
爱投资	5668.61	4486	222	11.89	13.26	612	10000	124.71	843213.59	4209.12	1.65	1.26	70.94	25.53	46	0
宜贷网	4928.59	2452	1020	9.1	4.02	10905	10000	1.3	281792.14	175.19	5.68	2.01	2.6	4.83	36	12
开鑫贷	4890.6	379	13	6.73	14.45	43	14024	231.72	767510.43	-542.4	2.45	12.9	43.67	376.2	49	9
财富中国	4859.7	690	208	9.98	11.99	215	86000	174.58	320116.8	3599.34	3.81	7.04	3.48	23.36	31	0
泰然金融	4742.56	2304	9	9.3	2.91	9	5000	1027.37	51372.28	123.48	23.33	2.06	23.81	526.95	29	0
十六铺金融	4580	429	13	11.06	0.46	13	6000	87.84	54209.45	1602.89	27.65	10.68	33.88	352.31	19	87
温商贷	4372.71	5479	17	10.37	3.75	63	10000	270.91	344879.79	1862.43	2.35	0.8	8.07	257.22	46	51
e路同心	4245.82	13439	132	6.97	1.1	218	20000	4.64	117136.86	2102.56	9.78	0.32	6.76	32.17	24	18
首金网	4234	586	27	8.36	2.3	30	10000	17.09	135493.06	1806.2	10.95	7.23	21.06	156.81	13	56
好贷宝	4122.11	209	28	10.16	1.52	403	2222	3.77	199075.59	1058.14	65.6	19.72	78.65	147.22	38	0
搜易贷	3898.48	4348	532	7	4.18	876	30000	1.16	335221.42	-796.72	9.95	0.9	14.82	7.33	28	7
合拍在线	3808.92	1677	32	10.44	4.82	72	10000	154.54	90754.42	1654.58	6.5	2.27	44.34	119.03	55	69
网利宝	3579.8	1904	15	10.09	2.02	41	5000	417.68	160788.35	1650.99	9.06	1.88	39.43	238.65	29	75
金银猫	3463.62	1726	51	7.58	4.26	67	3000	297.48	162584.18	2769.97	4.38	2.01	23.84	67.91	38	80
点融网	3450.53	20	5967	9.63	14.95	6007	20000	0.01	1172945.54	687.8	99.28	172.53	0.7	0.58	46	3
人人聚财	3375.22	3347	503	10.2	6.7	504	5377	5.51	283521.64	1399.46	11.12	1.01	0.27	6.71	62	25
91旺财	3145.28	996	13	7.5	1.73	37	634	0	140175.79	-372.44	6.09	3.16	15.83	241.94	34	39
易通贷	2951.35	3210	22	13.22	4.77	160	10000	47.6	271236.78	696.74	2.79	0.92	5.47	134.15	46	0
付融宝	2868.71	1589	7010	10.76	7.11	167	11000	54.59	244516.97	1828.86	4.61	1.81	23.99	0.41	38	74
信用宝	2773.62	1048	717	11.95	10.22	1495	6875	25.14	148438.88	1170.12	6.36	2.65	67.48	3.87	44	46
福银票号	2738.24	391	18	4.33	1.51	26	3000	224.82	170374.54	2501.35	17.8	7	51.06	152.12	26	0
人人贷	2729.79	29936	413	10.14	34.62	413	10000	2.71	1411428	2377.95	0.95	0.09	0.05	6.61	75	4
众信金融	2700	528	3	7.37	3.02	3	1000	48.83	361961.39	-1201.88	19.67	5.11	69	900	31	100
紫马财行	2580	565	1	6.31	1.59	12	9999	1369.56	65225.84	-2738.23	9.91	4.57	99.81	2580	23	0
信融财富	2570.55	1325	400	13.46	9.17	437	6904	6.53	253558.6	1022.03	17.96	1.94	28.05	6.43	49	21
小微金融	2550	1384	5	13.23	2.82	51	2000	139.8	94744.15	1910.38	13	1.84	75.25	510	31	0
鹏金所	2536.68	457	112	6.13	3.44	137	67778	41.66	658759.14	444.52	59.94	5.55	17.6	22.65	25	33
金联储	2456.31	1553	17	9.9	2.57	29	10000	0	147267.28	1236.79	4.72	1.58	27.66	144.49	28	62
合时代	2434.99	1418	46	12.95	3.62	61	20000	131.33	188301.52	1116.05	2.84	1.72	5.19	52.93	39	93
小猪理财	2363	734	94	14	1	115	2000	37.91	47903.19	772.09	12.7	3.22	4.98	25.14	22	0
钱爸爸	2334.5	724	8	9.13	1.14	17	5000	254.84	97541.92	510.78	6.24	3.22	19.24	291.81	44	0
融金所	2292.45	1901	105	12.12	10.06	105	3000	6.45	195627.37	544.61	6.24	1.21	7.36	21.83	44	86
博金贷	2185.08	3784	34	7.51	1.68	90	6480	240.63	89587.05	1440.87	11.93	0.58	50.61	64.27	28	45
爱钱帮	2167.87	924	86	9.57	2.05	92	1217	24.51	129050.96	752.93	42.71	2.35	19.33	25.21	33	0
金融圈	2087.27	1047	1	9.4	6.67	10	20000	1191.09	174571.58	965.62	5.88	1.99	100	2087.27	27	0
新新贷	1995.79	2627	25	7.44	3.61	42	5000	0.94	95115.21	1719.2	11.1	0.76	29.32	79.83	59	0
共信赢	1985	146	1	11.77	5.82	10	10000	1188.58	210291.67	557.52	35.43	13.6	100	1985	34	0
小诺理财	1940.89	1919	1320	8.54	4.95	109	10000	21.73	342009.85	952.5	2.24	1.01	2.34	1.47	14	66
隆金宝	1914.99	39	1	8.57	4.92	65	14750	65.49	174672.38	1608.49	76.29	49.1	100	1914.99	32	0
钜宝盆	1766.3	134	199	8	35.87	199	10000	2.98	618042	1300.02	9.92	13.18	14.59	8.88	20	0
银湖网	1757.31	769	312	11.87	10.79	18	20000	362.7	329006.63	683.81	4.38	2.29	28.41	5.63	30	47
友金所	1750.6	28247	78	9	34.35	78	6000	2.12	298804.33	1643.29	4.52	0.06	0.27	22.44	27	37
人众金服	1744.11	1099	16	10.62	3.24	31	6250	327.45	94268.98	802.37	4.17	1.59	48.14	109.01	45	0
口贷网	1650	406	8	14.33	3.88	20	5500	161.02	120445.33	1737.67	4.62	4.06	34.04	206.25	72	60
多赢	1640	596	4	10.12	0.96	20	5000	69.82	48146.7	42.42	5.21	2.75	23.6	410	25	0
地标金融	1620	561	2	10.26	1	18	10000	191.77	39181.29	602.77	9.15	2.89	72.1	810	39	0
365易贷	1615.77	1458	141	9.32	2.96	533	30308	44.06	115783.4	460.6	6.02	1.11	10.14	11.46	83	0
广信贷	1606.13	1027	38	10.59	4.71	44	5000	5.25	133562.82	317.15	3.57	1.56	11.01	42.27	48	96
中瑞财富	1601	446	11	7.02	1.43	15	12500	271.2	65739.26	-1045.54	7.05	3.59	87.23	145.55	32	0
汇盈金服	1597.8	405	12	9.81	3.63	28	5000	175.14	194704.35	815.82	5.63	3.95	7.02	133.15	37	91
积木盒子	1533.06	2202	18458	6.93	1.44	18458	20000	0.1	321764.13	-1450.23	3.5	0.7	5.35	0.08	41	14
来存吧	1530.29	239	1	9.62	2.26	9	1000	1566.97	57405.69	1065.84	7.45	6.4	100	1530.29	10	0
汇理财	1515.48	203	3	11.38	6.08	35	5000	803.05	135084.96	-1291.92	7.5	7.47	100	505.16	30	0
银豆网	1500	754	1	13	12.66	5	8000	162.17	141047.08	1166.65	5.57	1.99	18.05	1500	36	40
理想宝	1440.25	715	12	10.51	3.46	36	500	45.36	100692.57	140.35	8.27	2.01	58.49	120.02	32	41
联连理财	1431.23	708	3158	12.15	4.48	6786	5000	3.04	27422.82	567.58	13.99	2.02	73.42	0.45	13	0
花生米富	1404.65	517	15	14.87	0.99	90	1000	0	28157.76	119.97	10.27	2.72	99.66	93.64	6	0
金融工场	1400	789	4	8.13	3.63	14	5000	188.37	237928.96	711.26	4.31	1.77	28.43	350	54	0
诺诺镑客	1395.31	9941	2130	11.85	19.68	2133	10800	0.3	575453.01	151.68	23.47	0.14	0.05	0.66	91	29
邦帮堂	1373.5	665	6	7.73	5.69	11	10000	812.63	236080.6	1430.11	5.07	2.07	25.57	228.92	27	0
钱多多	1340	992	2	11.98	4.73	4	11000	331.32	224697.73	493.41	6.7	1.35	78.06	670	39	0
元宝365	1339.01	1033	156	11.13	1.55	157	5000	170.11	39424.28	498.6	5.82	1.3	9.21	8.58	26	58
新升贷	1335.59	107	176	14.03	2.68	176	5000	0	57723.21	-9.78	85.92	12.48	1.31	7.59	21	0
迷你贷	1319	971	35	11.97	1.56	46	2000	0.7	34098.51	672.84	8.79	1.36	18.51	37.69	38	0
易港金融	1301.97	725	116	11.51	4.1	121	6000	56.41	29214.7	-28.08	22.89	1.8	3.72	11.22	26	49
小赢理财	1248.96	871	167	7.75	8.99	365	3938	12.79	456164.94	-1454.57	4.23	1.43	37.41	7.48	29	34
淘淘金	1211	437	2	8.01	4.33	15	5000	251.91	100077.25	633.48	13.65	2.77	100	605.5	27	0
新联在线	1180	527	13	10.97	1.95	13	7000	389.97	66286.56	146.19	5.96	2.24	3.15	44.62	42	57
温州贷	1167.13	568	57	9.21	1.58	237	5000	50.87	26520.36	424.44	12.14	2.05	49.54	20.48	59	0
海金所	1150	326	9	9.03	4.07	23	1200	777.23	33764.75	880.74	13.04	3.53	29.86	127.78	22	0
招商贷	1150	846	6	10.5	4.13	9	11111	174.49	142295.02	253.44	6.81	1.36	27.26	191.67	43	0
珠宝贷	1107.01	701	12	10.28	1.56	17	43000	1.55	103987.7	-28.22	12.41	1.58	29.93	92.25	28	28
大麦理财	1100	502	15	9.84	4.99	15	3000	509.84	79269.72	824.03	6.92	2.19	31.67	73.33	27	81
冠e通	1047	592	8	10.08	10.07	11	10000	18.47	745456.94	-1368.25	1.16	1.77	7.26	130.88	18	0
聚有财	1042.05	149	10	8.62	15.72	30	3000	168.97	135089.59	948.6	23.15	6.99	68.94	104.21	32	0
和信贷	1020.77	654	26	12.67	12.06	26	10527	83.83	246815.28	531.71	2.69	1.56	2.56	39.26	41	42
君融贷	1020	936	3	10.91	6.59	34	2000	722.23	157588.84	611.36	5.04	1.09	100	340	27	0
新城金融	1000.3	139	3	6.08	4.19	9	10000	106.98	78320.86	468.06	14.52	7.2	87.18	333.43	13	0
投融家	989.32	765	61	11.18	3.61	61	5000	395.81	97763.65	786.64	2.1	1.29	46.41	16.22	12	0
万盈金融	969.22	511	42	13.43	14.08	140	10000	38.65	93491.26	886.5	10.01	1.9	56.31	23.08	20	82
普惠家	911	225	81	11.06	18.74	81	6000	0.44	178567.15	998.4	5.64	4.05	11.2	11.25	16	0
有融网	900	1079	9	11.3	3.33	18	5000	150.82	84583.82	-180.34	4.84	0.83	71.97	100	26	0
光大分利宝	882.55	453	4	8.96	2.85	4850	20000	1.15	45579.01	409.59	45.99	1.95	33.58	220.64	16	0
领投鸟理财	857.11	715	1	8.56	1.28	18	5000	670.46	22403.42	588.7	12.14	1.2	100	857.11	12	0
道口贷	845.51	417	10	8.61	3.91	10	1282	16.92	112766.97	225.41	7.16	2.03	17.22	84.55	25	67
银票网	840	443	1	8.36	2.28	11	10000	552.94	59534.82	458.58	8.61	1.9	100	840	29	0
可溯金融	804.17	1040	38	8.78	2.38	39	5000	45.59	50870.34	266.93	7.04	0.77	11.94	21.16	28	68
理财范	800.08	785	2	10.5	6.93	10	12567	130.97	289870.27	-599.79	2.71	1.02	49.6	400.04	34	61
铜掌柜	799.93	598	4	9.99	7.35	16	3158	132.59	146801.03	-922.62	3.52	1.34	8.08	199.98	27	0
小九金服	791.8	96	133	12.29	1.89	133	3001	43.68	33385.21	277.02	92.29	8.25	1.79	5.95	15	0
壹佰金融	773.65	246	17	11.97	10.14	20	5000	19.46	79518.09	442.43	2.51	3.14	18.2	45.51	19	0
多多理财	767.31	1375	48	13.35	3.41	56	10000	294.07	54816.8	224.56	6.3	0.56	43.12	15.99	20	0
一起好	762.67	524	82	12.98	7.8	83	2010	21.74	106745.64	47.96	6.43	1.46	1.13	9.3	52	0
钱香	748	257	4	10.26	2.82	10	1600	138.35	26388.54	526.15	50.84	2.91	20.63	187	20	0
金盈所	726	271	4	9.07	6.29	22	5000	495.98	64004.4	393.05	6.64	2.68	100	181.5	8	0
多融财富	720	346	5	8.23	2.01	19	10000	480.25	33321.15	436.68	7.75	2.08	100	144	10	0
小鸡理财	719.95	441	14	6.78	1.64	15	6000	5977.1	19953.3	672.96	11.85	1.63	96.93	51.43	28	0
乐居财富	717	604	7	14.3	5.12	19	5000	36.74	80289.33	131.07	7.2	1.19	8.51	102.43	26	0
资本在线	715	184	6	13.1	3.34	11	5000	23.89	17694.63	626.2	16.86	3.89	21.84	119.17	40	0
联金所	714.7	339	148	12.89	28	373	6800	179.71	46414.93	77.92	39.71	2.11	0.58	4.83	38	31
礼德财富	712	630	7	12.99	5.25	8	10000	279.5	91145.29	237.05	3.97	1.13	10.62	101.71	41	76
图腾贷	711.93	759	444	13.48	5.19	449	1000	33.06	51742.27	145.58	12.4	0.94	3.63	1.6	28	0
融贝网	708.15	604	41	9.72	5.2	42	1213	85.29	86048.76	334.64	6.66	1.17	2.14	17.27	34	63
企额贷	704	86	3	13.5	6.01	4	5000	9.57	30879.9	695.7	20.12	8.19	34.79	234.67	33	0
金桥梁	697.07	297	57	13.39	1.31	57	1000	17.83	21522.43	118.33	12.57	2.35	5.1	12.23	34	0
祺天优贷	673	476	1	10.8	1.68	14	20000	468.4	50838.01	347.36	11.86	1.41	96.25	673	24	0
互融宝	650	439	5	11.92	3.93	7	6000	1.22	93665.93	-750.24	7.48	1.48	35.18	130	32	0
宜聚网	634.32	457	40	11.48	2.32	40	5000	207.81	63490.95	134.51	8.17	1.39	13.74	15.86	45	0
金投手	626	232	4	8.1	2.99	11	5000	1204.12	25700.1	-391.89	6.08	2.7	100	156.5	19	0
诚信贷	625.89	263	4	15.4	2.95	13	10000	216.04	49418.96	451.72	7.67	2.38	83.65	156.47	26	0
九斗鱼	623	1005	5	9.48	1.58	5	6000	819.21	51420.03	312.88	5.05	0.62	12.15	124.6	35	0
城城理财	622	626	6	11.49	3.17	15	20000	423.53	134087.34	14.36	3.41	0.99	96.83	103.67	44	0
安捷财富	619	1541	9	13.94	10.15	9	20000	622.99	162378.37	248.03	3.84	0.4	67.62	68.78	30	0
知商金融	613.36	233	27	9.47	2.97	46	10000	573.63	64323.49	-369.94	7.64	2.63	24.49	22.72	19	0
恒信易贷	607.7	159	93	15.22	6.35	93	4000	41.25	45588.19	135.11	7.14	3.82	1.14	6.53	37	50
连资贷	589.45	197	55	8	0.95	55	1075	0.11	28441.63	-364.54	21.42	2.99	24.46	10.72	28	0
丁丁贷	579.58	648	80	14.2	3.56	81	5000	11.96	50758.79	-43.17	6.4	0.89	3.99	7.24	42	0
抱财网	575.13	332	21	12.14	7.23	65	5000	59.24	107942.11	414.98	4.23	1.73	35.66	27.39	35	36
华赢贷	574.9	103	7	12.38	1.96	20	5000	155.38	43130.55	20.65	31.44	5.58	37.63	82.13	21	0
拓道金服	563.85	438	79	10.99	3.14	79	5000	13.75	46307.64	-37.17	19.82	1.29	2.03	7.14	37	52
玖融网	561.97	358	42	10.51	5.73	44	2500	15.04	43154.53	280.64	15.15	1.57	3.88	13.38	42	88
国泰·惠民益贷	550.81	578	3	10.69	2.99	9	10000	920.6	33198.88	137.07	15.37	0.95	100	183.6	21	0
粤商贷	550.8	302	8	12.43	2	10	5000	56.09	30308.67	-98.6	10.23	1.82	62.43	68.85	37	0
集利财富	550	65	12	8.46	6.09	12	10000	13.02	20336.79	513.53	24.39	8.46	79.99	45.83	41	0
好好理财	550	259	10	13.51	8.47	15	5000	311.36	36794.76	454.07	5.53	2.12	20.77	55	20	0
爱米理财	534.8	259	14	9.66	2.92	16	5000	62.24	33344.17	63.86	7.53	2.06	18.25	38.2	15	0
石投金融	527	252	6	7.63	2.4	30	5555	192.71	116779.36	-623.88	63.29	2.09	90.71	87.83	32	94
聚车金融	523.3	84	19	12.34	0.99	24	1000	16.7	8451.29	610.21	25.29	6.23	43.66	27.54	24	0
钱盆网	510	815	18	14.45	4.01	19	3000	32.99	74346	-164.72	6.25	0.63	5.91	28.33	29	0
金宝保	500	64	1	5.2	3	1	3000	47.38	179469.54	506.5	2.67	7.81	3.23	500	31	20
钱途在线	500	181	1	12	0.99	5	10000	272.05	10022.99	-2.54	20.61	2.76	100	500	26	0
云钱袋	483.3	297	121	8.73	4.65	35	10000	663.29	54850.12	35.13	5.6	1.63	0.63	3.99	31	0
宝象金融	477.31	344	43	7.69	2.09	115	10000	184.3	34490.52	261.68	13.49	1.39	7.83	11.1	21	0
钱吧	467.54	397	98	7.27	2.34	107	2000	75.22	53692.77	-54.91	7.92	1.18	1.04	4.77	31	65
银客理财	463.54	293	20	8.06	3.11	23	10000	56.41	111218.1	-29.07	29.75	1.58	14.92	23.18	37	27
小油菜	460.7	176	7	9.43	4.19	13	5000	39.03	43630.3	269.23	31.41	2.62	31.95	65.81	36	0
融金宝	457.62	375	37	11.83	5.39	85	1000	29.51	42795.24	266.41	14.59	1.22	58.67	12.37	30	0
后河财富	450.49	184	61	12.79	16.23	61	5180	131.9	34277.69	255.78	30.89	2.45	2.97	7.39	35	73
安心贷	438.68	374	24	9.62	10.04	79	5000	346.83	96492.08	105.28	7.31	1.17	18.05	18.28	66	0
德众金融	423.72	114	25	7.42	5.81	35	1000	10.75	99371.69	372.51	7.55	3.72	57.57	16.95	31	0
花果金融	420	89	3	7.95	3.11	11	5000	165.67	36917.53	-294.87	11.65	4.72	48.41	140	36	0
丰汇金融	404.58	138	26	11.78	6	44	10000	0.52	39531.85	403.22	22.17	2.93	46.05	15.56	23	0
微品金融	387	198	1	9.33	5.26	2	1000	720	23756.48	399.21	9.74	1.95	100	387	19	0
投米网	384.71	95	5	7.35	14.01	5	1000	780.57	611808.48	-2762.2	7.81	4.05	6.98	76.94	32	0
大同行	380	220	7	11.08	2.23	25	5000	190.68	16217.1	188.82	14.78	1.73	86.92	54.29	33	0
信和贷	368	131	4	14.27	1.42	12	5000	171.73	10615.96	50.42	17.68	2.81	30.97	92	47	0
今日捷财	360.95	99	7	8.99	5.16	7	6000	446.2	25649.62	314.83	18.47	3.65	12.57	51.56	29	44
钱保姆	354.59	213	16	9.26	2.38	21	10000	95.54	48690.65	-74.55	7.79	1.66	58.47	22.16	26	0
农泰金融	354	201	13	9.08	1.74	13	5000	131.17	26993.84	-25.76	18.24	1.76	19.15	27.23	13	0
摇财树	350.72	162	7	8.69	1.23	8	11000	919.41	22836.23	-29.4	6.34	2.16	27.61	50.1	21	0
两只老虎	350	214	3	12.43	4.17	7	5000	438.69	55172.44	-76.44	5.07	1.64	39.85	116.67	30	0
聚金资本	347	356	5	12.92	2.33	5	10001	15.64	10707.77	222.71	12.71	0.97	71.27	69.4	31	0
立业贷	338.86	117	1	14.59	21.58	36	2222	88.72	18622.55	291.75	12.71	2.9	1.94	338.86	35	64
合拍贷	336.8	133	4	8.95	2.2	8	5000	744.78	11223.28	234.2	14.47	2.53	97.48	84.2	28	0
诚汇通	328	395	15	14.24	10.02	21	10000	334.4	73204.82	147.84	8.24	0.83	6.04	21.87	42	0
壹心贷	326	55	4	9.91	1.02	9	5000	136.21	7859.09	47.23	33.92	5.93	63.83	81.5	37	0
合伙人金融	319	21	3	11	2.92	10	5000	35.11	5168.9	292.15	40.72	15.19	95.26	106.33	21	0
万家兄弟	305	137	3	11.04	3.98	5	1000	2832.48	10816.83	276.22	47.18	2.23	82.45	101.67	46	0
九信金融	300	119	4	8.25	7.72	8	200000	115.94	53380.56	47.87	8.71	2.52	61.46	75	20	0
雪山贷	300	146	4	12.28	6.17	4	6000	1157.56	61557.87	-95.87	16.35	2.05	10.89	75	46	0
钱来网	298	143	4	10.41	6.4	4	5818	514.95	37084.09	138.44	26.92	2.08	11.2	74.5	32	0
沃时贷	295.1	298	29	14.97	7.09	32	3750	71.09	32631.83	129.99	10.59	0.99	2.53	10.18	38	0
沙小僧	295	364	3	15	1	4	5000	0	10157.83	291.39	12.85	0.81	64.48	98.33	10	0
互贷网	289.36	221	5	10.58	7.93	9	6000	107397.28	64991.27	222.55	47.9	1.31	98.36	57.87	41	0
果儿金融	288.01	112	14	8.69	1.36	33	3000	18.15	13843.37	-23.71	25.97	2.57	74.85	20.57	19	0
浙昌贷	286	23	5	11.5	1.42	5	500	57.6	6249.59	47.59	53.15	12.43	11.63	57.2	34	0
沪商财富	283.2	177	15	17.48	7.89	17	1136	12.08	16106.93	122.44	32.92	1.6	6.29	18.88	31	0
百金贷	281.31	367	8	9.68	3.52	32	5000	173.1	12704.52	170.98	14.84	0.77	75.69	35.16	25	0
168理财	278.65	292	14	9.81	2.76	29	1000	0.56	41195.36	58.18	8.11	0.95	26.62	19.9	37	0
壹宝贷	276.8	180	14	11.19	3.66	16	5000	326.41	21451.55	82.83	9.88	1.54	34.54	19.77	31	0
皮城金融	270	50	1	7.2	11.68	2	5000	0.15	95994.61	187.8	13.82	5.4	81.54	270	22	0
微金所	269.6	0	9	9.26	6.89	12	5000	0	52130.26	65.08	44.95	0	83.09	29.96	38	0
梦想盈行	266	71	4	9.11	1.37	6	5000	0.7	6662.85	202.69	28.91	3.75	68.32	66.5	23	0
网投网	263.4	107	151	14.13	7.52	152	1000	0.1	13214.9	55.01	18.97	2.46	39.03	1.74	31	0
京金所	257.6	99	6	9.32	3.14	13	1092	999.1	14231.43	200.4	23.94	2.6	86.76	42.93	25	0
米缸金融	253.66	249	23	7.61	7.1	55	10000	54.52	131357.45	103.74	2.44	1.02	12.53	10.82	23	95
智佳金服	253.5	1424	17	8.12	0.31	18	5000	306.14	14656.1	-38.99	17.32	0.18	56.89	1.15	9	0
城铁在融	250	43	1	15	6	5	6615	87.98	6357.17	107.98	32.7	5.81	65.98	250	20	0
汇投网	247	24	2	10.33	4.3	16	10000	52.82	10774.89	-11.74	37.17	10.29	99.78	123.5	31	0
智富360	240.7	236	28	9.05	9.05	28	2000	0.19	41035.27	60.87	9.59	1.02	1.23	8.6	22	0
阿朋贷	235.54	143	46	8.17	2.58	46	5000	441.29	18566.62	105.3	11.29	1.65	40.49	5.12	35	0
恒易融	234.85	13	26	13.11	33.86	26	10000	0	1328820.43	-2637.3	0.8	18.07	0.02	9.03	26	0
易享贷	233	27	1	8.03	0.35	2	5000	883.96	3089.45	230.53	48.43	8.63	100	233	24	0
小猪罐子	231.76	210	3	12.27	4.93	44	3125	166.67	24326.75	-34.63	7.88	1.1	100	77.25	29	0
融资易	231	75	4	11	2.01	4	1500	0.35	6948.84	-79.65	20.74	3.08	38.04	57.75	28	99
三信贷	226	118	7	10.64	3.69	10	5000	0.82	35616.3	-81.89	13.58	1.92	16.09	32.29	52	0
绿化贷	224.06	199	5	12.24	7.52	10	5000	616.97	30892.21	212.37	10.66	1.13	36.71	44.81	21	0
华人金融	222.02	352	3	8.95	0.82	5	100000	269.65	207130.15	-989.49	1.76	0.63	71.91	74.01	24	98
宝点网	220	227	4	12.04	5.32	6	5000	558.02	48064.23	-173	4.52	0.97	27.36	55	53	0
合力贷	220	151	4	11.55	4.05	4	5000	373.85	23196.36	-79.27	14.34	1.46	27.19	55	52	85
千壹理财	216	42	2	5.5	3.17	3	10000	369.06	7755.63	93.53	18.85	5.14	100	108	20	0
旺财谷	213.97	42	2	8.52	3.88	10	1000	152.36	55286.17	-395.99	29.89	5.09	97.55	106.98	30	0
利得行	213.35	74	8	9.68	2.87	10	1110	459.69	7223.31	112.16	45.11	2.88	51.14	26.67	21	0
信广立诚贷	210	90	2	9.67	3.76	10	5000	187.76	37596.31	-73.71	11.51	2.33	28.1	105	27	0
投这家	208.18	111	29	12.63	1.62	46	1000	34.34	8526.71	134.47	29.99	1.88	12	7.18	17	0
六顺财富	207.78	49	2	1.01	0.3	3	10000	16.26	4149.98	-72.23	51.48	4.24	100	103.89	10	0
小狗钱钱	205	146	5	10.68	3.42	9	10000	1232.59	15826.32	194.86	9.01	1.4	100	41	17	0
森昊好时贷	204.65	35	52	8.9	8.95	52	10000	90.33	36616.29	215.72	10.61	5.85	13.59	3.94	31	0
百利市	203	21	4	7.99	2.93	4	3000	2467.4	3807.25	25.37	52.96	9.67	26.4	50.75	21	0
善林宝	203	159	1517	6.11	1.26	1517	120000	411.18	5086.51	33.39	10.61	1.28	79.74	0.13	19	0
一点钱	201	19	1	7	0.14	1	10000	1433.08	3459.09	111.09	82.85	10.58	100	201	17	0
医购贷	200	50	2	11	9	2	4000	3.22	25910.76	104.14	29.73	4	4.11	100	26	0
财富派(京)	200	142	1	7.5	3	2	2000	179.53	25739.41	58.37	12.02	1.41	55.46	200	17	0
超爱财	200	238	13	9.85	6.57	13	3000	350.97	17994.4	113.15	8.32	0.84	8.16	15.38	33	0
拉拉财富	200	60	2	9.5	1.5	4	5000	430.98	19167.27	128.97	12.57	3.33	59.37	100	24	0
平安理财网	200	43	2	9	1.49	2	2235	7.89	2755.33	100.75	30.69	4.65	100	100	28	0
中融宝	200	54	2	8.4	6	2	10000	3.94	43522.69	187.85	6.97	3.7	44.74	100	30	53
万家贷	195.15	222	13	9.83	1.44	26	5000	102.13	8381.82	-40.94	17.07	0.88	70.5	15.01	20	0
果树财富	193.56	211	47	13.27	5.55	47	5000	21.17	26676.23	94.02	9.56	0.92	1.73	4.12	29	59
杉易贷	190.19	51	18	8.54	13.57	38	10110	1.65	14685.92	168.74	38.02	3.73	22.27	10.57	28	24
百财车贷	188.49	98	24	9.9	2.38	24	118	2.03	10591.82	52.59	68.11	1.92	4.06	7.85	25	0
贷贷兴隆	186.88	74	2	8.03	14.47	6	2000	9.98	64168.08	125.2	18.56	2.53	38.78	93.44	36	89
喜投网	186.44	50	22	12	3	23	1000	0.01	11984.25	129.01	56.82	3.73	4.17	8.47	32	92
创世介贷	186.1	82	13	14.33	10.39	16	2000	0	18789.61	95.62	15.52	2.27	92.22	14.32	29	0
雍和金融	180	48	4	11.11	7.92	4	1000	710.83	15396.08	108.11	14.59	3.75	10.47	45	31	0
胖毛在线	180	23	1	13.2	0.83	2	5000	643.59	4788.23	180.74	83.61	7.83	70.73	180	43	0
钱盒子	175.5	110	4	11.99	4.15	13	6000	467.72	13366.3	155.34	19.24	1.6	43.06	43.88	27	0
银承派	174.41	174	4	8.36	2.57	7	1000	4438.89	1941.31	130.94	27.07	1	100	43.6	21	0
车易贷	171.6	83	1	15	1.62	14	3000	122.88	14278.15	45.47	17.52	2.07	33.91	171.6	32	0
银狐财富	170	156	3	12.29	6.42	4	5000	2110.47	16924.16	130.75	5.99	1.09	64.32	56.67	17	0
新富金融	170	61	3	7.26	2.17	3	3000	1099.98	11881.01	121.07	46.01	2.79	85.86	56.67	33	0
普天贷	167	103	3	11.8	3	7	3000	691.43	16703.88	63.11	24.03	1.62	24.54	55.67	44	0
OK贷	166.33	146	27	14.22	3.02	27	2000	126	9723.3	-39.97	31.71	1.14	8.57	6.16	25	0
亲亲小贷	166.23	87	778	13.95	4.26	778	5000	1.55	8685.14	64.96	73.4	1.91	0.14	0.21	33	0
中融投	162	202	4	14.2	4.2	4	10000	1554.01	18091.43	-14.05	9.43	0.8	6.46	40.5	25	0
58红利	161	51	5	9.25	9.76	6	1000	2.93	9515.25	169.59	23.55	3.16	39.84	32.2	25	0
快快贷	160	27	4	9.08	1.66	4	20000	26.48	18385.55	-34.06	22.95	5.93	27.19	40	31	0
车能贷	159.17	84	23	11.42	3.67	23	1385	55.8	10897.1	28.86	34.87	1.89	4.61	6.92	26	0
木头人	155	82	4	10.48	3.9	4	1000	73.41	12183.45	40.53	31.78	1.89	38.21	38.75	31	0
易融恒信	154.95	346	19	15.78	14.36	19	1000	47.46	26996.58	12.63	7.52	0.45	6.08	8.16	38	0
生菜金融	152.06	113	258	8.48	1.89	258	7850	2.1	40632.25	-47.38	35.04	1.35	36.25	0.59	28	70
财神在线（渝）	151.33	10	1	8.26	2.32	2	1000	1114.19	3568.39	50.61	54.26	15.13	100	151.33	32	0
e融所	150.51	78	6	10.48	7.21	6	10000	165.7	37659.8	129.92	41.97	1.93	4.02	25.09	13	78
e微贷	150.18	89	16	11.86	7	16	5000	456.63	15915.53	59.72	18.44	1.69	6.23	9.39	34	79
前海财富	150	53	5	9.4	4.53	6	5000	698.06	8358.91	58.1	20.39	2.83	45.25	30	12	0
金海贷	150	197	1	14.87	13	3	5000	1440	43443.67	99.25	6.11	0.76	87.32	150	41	0
广州e贷	149.87	169	22	11.54	4.81	42	12000	113.77	51618.87	-53.76	30.18	0.89	40.73	6.81	29	90
酷宝盒	149	119	7	11.62	3.97	8	1000	3.27	17621.37	35.55	12.76	1.25	28.37	21.29	33	0
广富宝	146.33	125	39	12.61	2.45	86	2510	100.32	7350.23	84.01	28.82	1.17	15.22	3.75	42	0
爱投金融	143.46	52	6	7.85	3.71	7	5000	372.08	22128.62	77.3	33.89	2.76	60.44	23.91	61	0
信融投资	143	153	8	11.28	1.53	8	1000	1284.59	4584.57	-4.95	20.39	0.93	12.97	17.88	18	0
宁创贷	140	26	4	12.5	3.61	5	5000	200.47	12805.48	121.51	25.52	5.38	94	35	43	0
步步盈	140	54	3	9.88	7.29	3	10000	1.17	18355.11	105.44	20.99	2.59	5.17	46.67	30	0
有喜财富	138	47	10	11.84	11.85	10	1000	0.08	9341.08	138.46	69.64	2.94	9.29	13.8	10	0
掌中财富	137.6	116	23	12.78	5.88	24	5000	3.08	18189.93	14.48	76.37	1.19	3.6	5.98	21	0
聚宝网	136	134	7	10.4	1.98	9	1808	286.65	4673.29	54.04	34.31	1.01	45.64	19.43	35	0
玺鉴	135.87	156	4	8.71	2.62	5	2500	1446.7	6985.28	74	44.66	0.87	64.43	33.97	22	0
中潮金服	135	69	7	18.73	4.47	7	10000	246.04	5550.67	142.93	34.91	1.96	15.82	19.29	13	0
安心de利	134	50	2	7.5	2	2	1712	1.27	7597.17	84.41	22.46	2.68	52.39	67	30	0
钱贷网	133.5	83	4	11.22	1.27	4	5000	0.07	15306.98	67.35	13.44	1.61	24.63	33.38	49	0
喔喔贷	131	42	5	8.95	3.98	5	3000	6.39	10459.58	120.03	12.37	3.12	35.52	26.2	24	0
众贷汇	130	38	6	16.87	3.02	13	3333	250.22	4048.23	92.34	39.17	3.42	36.38	21.67	18	0
九金所	129.24	88	3	9.82	5.78	6	1000	393.59	17033.74	-6.46	22.48	1.47	62.46	43.08	28	0
好收益	128.2	134	11	13.41	2.77	11	5000	153.06	8833.34	23.81	23.18	0.96	43.09	11.65	33	0
人文贷	124	98	3	15	3.81	4	5000	3.2	6461.57	127.45	30.33	1.27	63.11	41.33	36	0
升值空间	122.76	22	8	14.53	8.63	10	2000	393.75	8391.94	85.51	45.94	5.58	62.75	15.34	12	0
智融财富	121.17	43	4	13.8	2.37	9	5500	151.67	4701.49	57.11	35.37	2.82	47.23	30.29	27	0
光华财缘网	119	70	3	12	0.99	3	2600	2.58	3831	27.4	38.23	1.7	96.26	39.67	27	0
小微时贷	118.93	139	20	16.59	5.74	20	5000	3.86	16071.75	7.82	13.75	0.86	3.42	5.95	24	0
金牌理财	118.7	60	1	14.35	2.28	3	5000	710.9	3150.75	70.3	26.58	1.98	24.57	118.7	23	0
糖果金融	117.8	74	11	11.33	4.53	11	5000	1101.57	13359.88	114.08	23.46	1.59	21.61	10.71	25	0
奇乐融	117.74	49	76	6.8	4.98	76	3000	0.07	31671.53	-497.2	17.19	2.4	92.17	1.55	15	0
乐享宝	116.74	132	49	10.14	2.84	49	5000	11.15	24203.86	-58.52	7.95	0.88	69.48	2.38	13	0
微积金	114.2	76	11	11.04	3.73	11	3000	4.52	17109.93	37.96	37.25	1.5	29.82	10.38	37	0
洋葱先生	112.71	2461	2345	6.19	24	8941	10000	0.05	10910.94	12.45	22.68	0.05	1.25	0.05	18	0
聚宝珠	110	71	2	11.45	0.07	8	5000	735.8	831.61	20.08	51.65	1.55	87.66	10	8	0
金源贷	110	50	3	18.82	2.31	10	2000	16.06	6306.89	182.01	38.4	2.2	100	36.67	32	0
众金在线	110	60	2	11.18	2.36	2	5000	625.83	17682.51	-201.05	16.66	1.83	59.9	55	42	0
合盘贷	109	91	17	10.2	6	17	5000	0.07	25832.05	-20.39	7.89	1.2	28.5	6.41	45	71
鄂汇金融	106.5	108	3	12.37	3	7	10000	218.5	6215.73	70.58	13.85	0.99	38.11	35.5	34	0
1+1贷	105	19	1	7.05	4.72	2	1000	0	15852.97	5.03	54.67	5.53	96.64	105	21	0
58车贷	104.4	114	9	14.91	3.27	16	1000	43.17	12609.02	37.27	16.51	0.92	52.57	11.6	22	0
中兴财富	103	88	9	16.4	5.55	11	5200	0.05	12679.34	13.49	15.74	1.17	7.4	11.44	22	0
阜阳金融网	102.85	71	7	17.98	2.01	7	1000	478.76	3876.37	39.95	26.7	1.45	38.43	14.69	29	0
惠投无忧	101	47	8	10.45	5.11	8	2000	1.66	6447.42	50.77	26.23	2.15	26.9	12.63	17	0
百泉贷	100	33	1	13.5	6	1	1000	1.02	17773.75	-97.71	19.54	3.03	24.41	100	25	0
金e柴神	100	62	1	11	0.96	1	2000	42.73	16336.27	-65.57	19.7	1.61	54.53	100	42	0
蜂投网	100	61	4	12.9	1.84	9	5000	1330.36	5427.91	60.98	7.44	1.64	92.59	25	27	0
银巴克	100	29	1	10.5	3	1	23000	1466.22	11464.12	-173.26	29.59	3.45	24	100	25	0
泰山金融	100	30	2	7.9	4.5	4	5000	3.92	11869.56	60.62	10.64	3.33	35.68	50	24	0
普汇云通	100	54	2	10.2	1	2	13000	148.07	16128.59	46.97	20.14	1.85	18.63	50	17	0
51如易贷	100	16	1	10	3	1	1000	0.47	6951.25	102.5	42.57	6.25	78.02	100	33	0
e兴金融	99.6	40	14	9.52	9.66	14	5000	3.93	11538.7	88.79	21.14	2.49	16.86	7.11	21	0
智融会	97.62	45	3	12.04	0.77	3	5000	489.02	4054.51	47.13	26.82	2.17	83.99	32.54	38	0
民民贷	92.2	76	9	14.18	2.53	9	5000	13.33	8894.48	65.17	45.1	1.21	31.08	10.24	51	0
秒贷金融	92	54	3	7.34	1.2	3	5000	2441.67	7439.21	13.18	19.84	1.7	72.26	30.67	22	0
51帮你	90	61	3	11.39	0.72	6	3000	754.05	3798.85	29.56	25.28	1.48	60.67	28.33	53	0
响當當	89.7	80	5	9.13	2.13	5	5000	587.71	3891.12	71.34	8.82	1.12	20.01	17.94	28	0
粒子财富	89.2	31	4	14.43	1.43	4	1000	73.22	1843.27	-1.06	33.68	2.88	36.62	22.3	21	0
瑞涛财富	89	16	3	15.6	1	3	1000	0.44	831.57	24.31	61.9	5.56	73.98	29.67	27	0
新富创投	88.5	71	10	11.03	5.3	14	1000	0.67	7499.95	33.84	25.32	1.25	33.82	8.85	26	0
万富宝	86.75	35	2	8.25	1.63	10	5000	75.06	3715.8	39.38	39.24	2.48	100	43.37	20	0
星月创投	82	30	2	13.98	4.78	3	1000	22.81	18853.17	15.32	26.52	2.73	60.68	41	36	0
财富智汇	81.94	33	3	17.47	2.94	6	5000	127.72	5954.66	58.46	37.09	2.48	98.28	27.31	13	0
微车融	81.4	79	4	17.22	1.01	6	3000	215.13	3742.21	24.87	23.6	1.03	57.68	20.35	27	0
安贷宝	81	22	3	18.41	1.81	9	1000	0	4647.74	47.18	38.51	3.68	100	27	25	0
手投网	80	38	1	15	3.5	2	5000	544.07	4858.98	83.83	39.38	2.11	100	80	18	0
点理财	80	56	2	6.56	2.22	2	10000	1251.64	1799.37	-50.17	12.12	1.43	74.3	40	6	0
真鑫贷	79.5	50	7	12	1.5	9	1000	6.99	2551.73	-0.16	59.11	1.59	42.41	11.36	41	0
久信e贷	77	36	5	16	1	5	1000	0.01	2876.79	-2.82	23.63	2.14	44.57	15.4	52	0
简易贷	75.91	36	8	12.9	3.02	8	8000	401.08	3191.29	51.23	29.87	2.11	11.79	9.49	17	0
鼎信贷	75.5	72	6	11.82	4.38	6	10000	96.1	10031.64	-0.65	12.38	1.05	35.9	12.58	49	0
固金所	71.69	114	2	8.25	0.91	2	5000	1264.57	6181.86	-58.71	22.27	0.63	41.56	35.85	20	0
迅泊达	71.4	21	1	10.95	0.83	1	3000	3.38	6454.75	-72.28	29.8	3.4	82.96	71.4	40	0
投资吧	70.01	26	1	8.57	1.48	4	10000	429.41	3904.19	23.91	38.58	2.69	90.74	70.01	17	0
今时贷	70	53	6	14	3.43	7	5000	188.08	5525.68	44.68	22.97	1.32	56.69	11.67	26	0
拓天速贷	68	29	2	11.24	4	2	5000	42.41	2904.57	70.38	25.44	2.34	34.13	34	18	0
搜搜金融网	65.96	18	2	11.64	2.2	5	1000	13.12	654.02	67.39	45.53	3.66	100	32.98	29	0
悦享金服	63.6	36	2	9.69	1.52	3	1000	48.44	2078.46	20.74	39.62	1.77	95.48	31.8	11	0
鼠贷金融	60	29	1	11	3	2	1000	38.14	8978.17	11.05	25.32	2.07	99.47	60	19	0
来融金服	60	16	1	10.8	6	1	1000	172.33	9637.12	-61.02	42.87	3.75	13.91	60	20	0
莆商贷	60	33	4	11.75	2	4	5000	666.02	2150.68	-26.94	17.62	1.82	50.26	15	7	0
易贷在线	59	20	3	18.95	2.28	4	3000	335.57	1575.11	14.31	59.86	2.95	66.25	19.67	26	0
多宝贷	58.7	39	4	9.41	4.36	20	1001	0.45	12681.67	-57.54	27.09	1.51	16.04	14.68	27	0
车赚	58.7	54	11	15.02	0.98	11	2000	7.94	1143.96	25.6	24.82	1.09	23.86	5.34	15	0
利巨人	58	13	2	12	3	2	1000	638.48	2339.68	59.74	77.43	4.46	88.97	29	27	0
惠众金融	57.56	71	11	13.56	3.75	11	5000	4.98	6458.16	36.22	18.02	0.81	46.84	5.23	46	0
乾贷网	57.23	22	13	10.04	8.4	22	1000	0	74683.43	-14.43	6.3	2.6	33.56	4.4	39	0
隆泰贷	56	16	8	19.96	2.82	8	1000	1.52	3070.92	6.46	48.83	3.5	42.2	7	33	0
满满贷	55	22	1	19.27	5.45	4	5000	506.75	2593.3	58.8	24.28	2.5	100	55	48	0
量子金融	53.98	50	8	14.49	2.41	8	1000	1.26	2360.83	30.88	7.63	1.08	15.47	6.75	24	0
瑞银创投	53	38	2	15.89	11.43	2	1550	733.43	14176.32	8.75	44.55	1.39	40.33	26.5	65	0
钱道网	50	22	1	13	6.42	1	5000	0.03	9436.9	50.69	20.1	2.27	6.21	50	25	0
易BANK	50	19	1	10.3	4.15	1	1000	1911.93	5352.63	-53.56	53.15	2.63	100	50	22	0
财来网	50	13	1	9	6	1	1000	5.52	11301.11	49.76	56.45	3.85	32.15	50	23	0
长久贷	50	36	2	16.78	4	2	6000	526.78	6434.49	0.66	40.01	1.39	24.5	25	31	0
易互贷	50	23	1	18	0.83	1	5000	753.12	4022.42	-0.48	64.42	2.17	100	50	43	0
禾泰财富	50	6	1	11.8	3	1	1000	1121.08	7920.73	49.63	58.97	8.33	91.24	50	37	0
融通资产	50	2	1	10	1	1	2000	0.02	20234.94	46.54	18.93	25	43.68	50	36	0
融投贷	50	22	1	12	6	1	3000	1282.38	5607.29	454.84	15.32	2.27	25.21	50	32	0
私房钱	50	48	1	15	6	1	1000	901.12	22347.08	-55.2	21.65	1.04	61.57	50	28	0
车财网	48	17	5	14	1.96	5	5000	24.09	4593.89	38.29	7.97	2.82	17.61	9.6	15	0
财富N次方	47	38	1	12	0.99	3	10000	569.27	851.6	48.41	40.72	1.24	100	47	25	0
皖乾商贷	47	41	7	17.49	8.36	10	5000	116.74	8913.72	24.65	32.74	1.15	37.44	6.71	22	0
亿信天合	46.66	18	1	14	0.51	6	1000	29.18	353.76	38.32	87.97	2.59	100	46.66	29	0
前海广深发	46.4	67	3	14.4	4.93	6	5000	217.32	7795.28	22.07	14.34	0.69	55.36	15.47	20	0
四海众投	45.4	25	4	9.31	1.17	7	5000	183.24	3244.56	-6.49	18.58	1.82	46.13	11.35	18	0
赣商贷	45	19	2	16.67	2.67	6	2000	226.3	3333.14	4.42	44.27	2.37	49.69	22.5	35	0
金开贷	45	16	1	7.2	1	1	8000	5.22	65035.21	24.72	5.73	2.81	25.27	45	32	38
牛娃互联网金融	44.22	122	373	13.67	1.71	378	30000	0	1928.02	16.17	25.38	0.36	0.87	0.12	20	0
快捷财富	43.5	21	4	18.61	2.6	6	5000	141.23	1574.93	44.51	44.54	2.07	78.28	10.88	19	0
大众贷	43	30	2	15	7.95	2	1050	1511.5	6827.39	26.28	32.69	1.43	4.68	21.5	33	0
利好贷	43	72	3	14	4.51	3	1500	1.86	3695.03	1.64	22.26	0.6	11.14	14.33	36	0
牛币网	41.9	28	2	9	0.99	2	1000	824.02	1851.76	29.11	30.7	1.5	62.73	20.95	12	0
投储在线	41.9	20	1	13.72	2.43	3	5000	600.34	2718.91	40.79	42.67	2.1	100	41.9	35	0
微镇	40	37	1	14	1.92	1	246	48.47	6469.17	15.16	23.12	1.08	23.67	40	21	0
盈金所	40	23	5	15	2	5	3000	16.36	2261.41	15.43	35.47	1.74	16.9	8	20	0
温易贷	40	6	1	14.3	2	2	1888	119.53	1948.66	0	45.49	6.67	100	40	27	0
达人贷	39.63	73	213	13.58	12.14	331	1816	0.88	9986.86	-27.13	12.07	0.54	5.12	0.19	37	77
优投在线	39.6	49	6	12.95	4.92	6	3000	295.52	4079.97	15.01	37.62	0.81	49.25	6.6	20	0
惠车贷	38	37	4	15	1	4	2000	0.11	1384.13	-0.13	34.89	1.03	43.71	9.5	37	0
创贷网	35.7	4	9	11.8	1	9	1100	0	825.22	1.62	63.35	8.93	23.05	3.97	42	0
你好贷	35	12	2	9.57	4.71	2	5000	3.36	3815.27	-25.01	32.66	2.92	60.5	17.5	21	0
猪宝宝	35	28	1	14.2	6	1	3000	1332.08	3487.57	534.17	18.68	1.25	100	35	25	0
甬e贷	34	13	6	16.5	4	7	5000	109.38	770	25.64	33.29	2.62	54.3	5.67	14	0
投复利	33	63	3	16.09	7.91	3	1500	164.13	31263.25	-20.93	9.77	0.52	13.8	11	25	0
中融通贷	31	11	3	11.13	2.68	3	5000	694.55	6416.02	-9.66	24.49	2.82	53.14	10.33	34	0
小树时代理财	30.59	96	86	17.82	11.46	86	1000	45.12	2397.08	21.32	53.87	0.32	0.59	0.36	22	0
融商贷	30	18	1	15	1	2	3000	564.58	763.39	-1.17	46.61	1.67	65.01	30	22	0
中广核富盈	29.8	22	7	8.3	14.38	7	1000	0.31	54085.87	17.11	70.49	1.35	59.31	4.26	28	0
律金金融	26.7	1	4	12.14	3.07	5	5000	0	12285.73	25.51	100	26.7	43.52	6.68	17	0
优车融	26.5	5	2	14.4	1	2	1000	545.34	1216.34	-8.6	57.51	5.3	21.05	13.25	20	0
恒大财富	26	20	5	8.96	5.04	5	5600	331.55	5108.96	7.6	54.44	1.3	95.77	5.2	25	0
锐盈财富	25	5	1	10.8	5	1	3000	0.07	4848.48	21.8	33.24	5	40.14	25	23	0
58财福	25	5	1	8.4	4	1	5000	18.02	7325.77	23.28	32.95	5	46.55	25	33	0
胖胖猪	25	33	2	9.2	1.4	2	5751	2040.08	2042.62	25.28	29.35	0.76	96.26	12.5	24	0
五岳贷	25	12	1	12.2	2	1	10000	13.63	2441.19	70.1	32.74	2.08	100	25	25	0
中恒宝	22.4	10	4	6.12	1.51	4	1100	419.91	2402.35	9.72	51.86	2.24	99.91	5.6	27	0
鲁金所	22.4	13	6	8.38	1.25	6	10000	197.71	2440.38	-26.59	39.3	1.72	37.32	3.73	16	0
爱上贷	22	20	7	15.07	1	7	1000	0.08	720.3	22.03	47.54	1.1	21.93	3.14	26	0
鼎诚创投	21.5	30	2	13.9	2.4	3	5000	184.97	1376.78	4.42	38.96	0.72	15.54	10.75	26	0
微易贷	21.34	45	1	18.5	12	30	1000	0.76	4386.28	0.15	30.16	0.47	65.43	21.34	31	0
优聚投	20	12	1	10	2	2	2000	9057.41	876.21	6.79	39.1	1.67	100	20	25	0
飞特金融	20	21	2	12	2	2	1000	0.34	1817.82	-10.05	55.28	0.95	46.4	10	24	0
光合种子	20	12	1	6.8	2.48	1	5000	4612.27	5660.22	-2.31	80.55	1.67	45.51	20	18	0
e葱金融	20	19	1	8	0.96	1	5000	17.17	1029.68	-14.96	73.87	1.05	100	20	10	0
黔商贷	20	17	2	13.5	4.5	2	10000	269.32	1591.08	10.53	22.72	1.18	58.03	10	21	0
融信网	20	18	1	11.9	6	1	10000	3317.45	2751.6	20.86	31.14	1.11	41.05	20	46	0
首鸿财富	20	13	1	15.6	2	1	3000	1836	2132.83	-20.24	52.83	1.54	92.03	20	19	0
易宝金融	20	17	1	7.8	3	1	1629	1964.05	20327.34	20.39	15.44	1.18	55.68	20	33	0
车富88	18	14	3	10.1	3.67	4	6500	0.03	4942.38	-18.73	37.69	1.29	29.02	6	24	0
网筹金融	18	6	2	9.17	2.52	2	5000	0.75	3322.84	-56.82	27.85	3	49.84	9	30	0
创融在线	17.5	5	4	19.86	1.86	4	1000	0	1364.72	1.3	80.5	3.5	18.02	4.38	38	0
稳贷网	17	7	2	19.24	13.41	2	1000	0	12152.4	-26.42	16.22	2.43	14.56	8.5	31	0
宁安贷	17	4	1	11	12	1	5000	353.22	3196.71	-12.86	17.98	4.25	28.85	17	34	0
码头益	16.99	9	2	10.35	7.48	2	1000	851.48	2334.87	10.67	84.37	1.89	54.19	8.49	34	0
红顶金融	15.4	7	2	12.31	10.29	2	10000	137.57	1716.48	-2.12	60.77	2.2	86.1	7.7	25	0
京都贷	15	20	1	9.33	1	2	5000	5951.07	1297.55	3.24	44.09	0.75	87.21	15	26	0
沃信财富	15	1	2	16.8	3	2	500	0	256.08	1.43	80.9	15	49.87	7.5	28	0
聚融在线	13.5	14	1	8	1	1	10000	425.18	660.53	9.43	42.79	0.96	67.58	13.5	44	0
合众e贷	12	11	1	12.5	3	1	5000	23.58	3197.15	11.05	11.93	1.09	9.06	12	14	0
融之家	11.5	13	2	16	1	2	3000	18.82	796.99	7.55	48.15	0.88	99.81	5.75	25	0
万利金融	11	16	2	14.15	2.81	3	3000	1225.47	1775.53	-14.13	39.41	0.69	100	5.5	27	0
恒利网	10.4	5	3	10	1	3	2000	0.14	2201.18	-4	37.41	2.08	23.58	3.47	29	0
冰川财富	10	2	1	11	6	1	1000	0.88	3243.5	9.13	39.73	5	39.16	10	19	0
小平贷	10	2	3	9.6	5	22	2000	0.11	3251.99	0	19.14	5	52.06	3.33	21	0
私房投	10	9	1	12	1	1	2018	173.18	769.01	-0.24	52.05	1.11	100	10	21	0
平平贷	10	7	3	15.04	1.7	4	5000	14.72	614.48	6.69	59.33	1.43	100	3.33	41	0
易e贷	10	7	1	12.36	6	1	500	15.48	4228.2	7.49	44.79	1.43	85.23	10	31	0
浙江车贷网	10	9	1	9.6	1	1	500	1420.9	298.89	4.85	61.41	1.11	46.81	10	36	0
票据贷	9.92	1	1	14	0.7	1	10000	0	120.02	0	100	9.92	76.19	9.92	33	0
钱来也	9.5	3	1	13.2	1	2	10000	2.38	409.5	6.77	59.71	3.17	100	9.5	10	0
乐投贷	9.1	12	2	14.75	20.86	2	1000	33.19	0	0	0	0.76	0	4.55	39	0
种子拼图	8.9	9	2	10.63	2.26	3	3000	374.82	1488.14	47.19	44.96	0.99	87.72	4.45	22	0
前沿财富	8	6	3	17.19	4.12	3	10000	0.02	3213.98	-6.31	34.32	1.33	6.34	2.67	15	0
蜜蜂财富	8	8	1	15	1	1	5000	1825.65	520.43	162.95	56.35	1	100	8	25	0
利聚网	7.9	5	2	15.53	5.05	2	1000	0.01	1484.66	-6.51	9.99	1.58	28.67	3.95	26	0
众联财富	7.5	13	2	14.2	1	2	2000	0.03	323.82	2.53	54.89	0.58	72.43	3.75	25	0
海星宝理财	7	6	1	13.16	4	1	3200	1.3	2202.52	-26.32	11	1.17	17.12	7	24	0
龙贷	7	9	1	11	6	1	5000	0.23	36319.56	-591.45	21.61	0.78	28.8	7	33	0
众可贷	6.81	3	11	12	18	11	5000	6.06	1664.52	4.54	57.72	2.27	0.77	0.62	26	0
捷创贷	6.4	9	1	13	1	3	1000	60.81	427.92	6.47	86.95	0.71	100	6.4	28	0
海鸥金服	5.5	3	1	13	1	1	10000	3.3	78.34	-4.55	38.15	1.83	100	5.5	3	0
天天财富	5	5	1	12	0.04	1	11000	3357.53	4554.93	-1.03	70.08	1	87.43	5	30	0
可乐贷	5	5	1	12	2	1	2000	0.92	566.99	-0.01	88.5	1	100	5	27	0
如意财富	5	2	1	13.2	3	1	5000	25	898.79	15.23	42.85	2.5	95.55	5	23	0
皖都金融	5	7	1	13.8	4.22	1	3430	46.95	2468.76	4.55	47.19	0.71	100	5	41	0
盛齐财富	5	6	3	16.74	2.4	4	2000	319.19	1076.88	-1.45	74.14	0.83	60.24	1.67	22	0
闲钱宝	4	3	1	12	3	1	1000	10.35	4307.25	3.65	42.32	1.33	100	4	36	0
中国融信贷	3.6	2	2	18	3	2	10000	0	281.01	2.31	88.72	1.8	99.77	1.8	31	0
178网贷	3	3	1	15	3	1	10000	2.13	219.72	-2.02	37.77	1	86.42	3	24	0
楚金所	1.5	1	1	9.08	2.41	1	5000	0	1584.79	1.28	62.96	1.5	96.91	1.5	28	0
信通袋	1.03	8	3	12.55	4.84	7	1424	5.01	2190.92	-15.35	95.39	0.13	16.91	0.34	30	0
房金所	1	2	1	8.3	5.54	1	2000	7.28	36415.85	-103.65	33.1	0.5	94.22	1	30	0
钱增增	0	0	0	0	0	0	5000	0	2913.86	-9.61	18.86	0	21.57	0	22	0
汇泉贷	0	0	0	0	0	0	1000	0	126678.17	0	60.07	0	82.8	0	24	0
汉金所	0	0	0	0	0	0	30000	0	44581.04	-24.79	8.37	0	73.59	0	22	0
财火火	0	0	0	0	0	0	3000	0	2499.7	-9.34	78.29	0	100	0	24	0
链链金融	0	0	0	0	0	0	1000	0	16937.02	-424.39	19.99	0	20.57	0	0	84
派派猪理财	0	0	0	0	0	0	1000	0	9336.11	0	36.44	0	95.02	0	23	0
1818优本财富	0	0	0	0	0	0	5000	0	9009.68	-202.02	25.02	0	100	0	28	0
善金网	0	0	0	0	0	0	1000	0	109.94	-9.68	86.62	0	74.02	0	17	0
爱本地	0	0	0	0	0	0	5000	0	17677.84	-527.89	52.03	0	51.78	0	19	0
钱满仓	0	0	0	0	0	0	5000	0	7901.54	-21.3	24.67	0	55	0	23	0
皓添金融	0	0	0	0	0	0	5000	0	3798.28	-8.24	72.65	0	54.77	0	19	0
就爱金融网	0	0	0	0	0	0	5000	0	1809.6	0	58.47	0	71.45	0	16	0
房融所	0	0	0	0	0	0	3000	0	3442.79	0	34.43	0	97.26	0	18	0
艺点理财	0	0	0	0	0	0	1000	0	4446.71	-31.5	25.27	0	87.38	0	14	0
银象网	0	0	0	0	0	0	1000	0	553.95	-2.54	16.35	0	20.59	0	13	0
金财动力	0	0	0	0	0	0	5000	0	21862.48	-7.67	25.01	0	94.08	0	18	0
互惠理财网	0	0	0	0	0	0	3000	0	10758.62	-276.02	35.61	0	4.24	0	17	0
中平金融	0	0	0	0	0	0	10000	0	20367.62	-3.5	37.53	0	99.16	0	10	0
便民投	0	0	0	0	0	0	3000	0	506.51	-0.06	73.34	0	100	0	11	0
爱康金服	0	0	0	0	0	0	10000	0	43431.41	0	38.5	0	84.3	0	9	0
贴身贷	0	0	0	0	0	0	3000	0	529.81	0	85.3	0	51.36	0	10	0
产融贷	0	0	0	0	0	0	5000	0	535.63	-0.47	78.35	0	91.92	0	24	0
诚天财富	0	0	0	0	0	0	5000	0	122.21	23.23	84.66	0	97.2	0	15	0
诚投在线	0	0	0	0	0	0	5000	0	5839.85	-1.88	36.72	0	85.18	0	23	0
投促金融	0	0	0	0	0	0	2000	0	13442.54	-2.86	29.97	0	100	0	26	0
橙旗贷	0	0	0	0	0	0	5435	0	17389.4	-61.35	18.73	0	53.14	0	27	0
短融网	0	0	0	0	0	0	5494	0	56990.07	-299.68	8.71	0	2.43	0	31	43
堆金网	0	0	0	0	0	0	9000	0	6678.24	155.48	80.82	0	83.83	0	22	0
爱蚂蚁	0	0	0	0	0	0	1000	0	1529.57	-0.83	45.63	0	95.26	0	23	0
房易贷	0	0	0	0	0	0	5000	0	8872.93	-28.95	16.08	0	26.21	0	21	0
分钱网	0	0	0	0	0	0	10000	0	8060.7	-7.72	58.66	0	81.45	0	21	0
金控网贷	0	0	0	0	0	0	10000	0	18643.28	-279.73	15.58	0	96.33	0	30	97
宏鑫宝	0	0	0	0	0	0	10000	0	2172.07	-2.49	19.78	0	30.7	0	31	0
汇财贷	0	0	0	0	0	0	10000	0	3852.36	30.87	80.32	0	100	0	33	0
宏信创投	0	0	0	0	0	0	3000	0	641.76	0	69.65	0	100	0	49	0
金柜贷	0	0	0	0	0	0	2000	0	1578.98	-0.16	51.4	0	36.2	0	27	0
口碑贷	0	0	0	0	0	0	10000	0	34592.82	-9.73	9.62	0	37.96	0	29	0
隆隆网	0	0	0	0	0	0	1250	0	2131.87	-61.04	45	0	100	0	29	0
熊猫贷	0	0	0	0	0	0	1000	0	2450.38	-30.61	82.54	0	95.08	0	31	0
青鱼金融	0	0	0	0	0	0	1000	0	286.57	6.15	72.25	0	58.45	0	7	0
启腾财富	0	0	0	0	0	0	1000	0	400.77	-0.04	91.8	0	46.44	0	22	0
荣通宝投资	0	0	0	0	0	0	5000	0	1239.8	-10.33	71.95	0	96.43	0	12	0
圈圈贷	0	0	0	0	0	0	5000	0	13108.63	-2.26	62.7	0	43.9	0	57	0
财加	0	0	0	0	0	0	30000	0	1573.61	-31.92	82.74	0	24.78	0	44	0
微金在线	0	0	0	0	0	0	5000	0	2983.16	0	28.37	0	54.13	0	34	0
小富金融	0	0	0	0	0	0	5000	0	7388.67	-0.68	65.87	0	28.3	0	32	0
亿钱贷	0	0	0	0	0	0	2000	0	1331.96	-0.22	55.19	0	52.51	0	27	0
永利宝	0	0	0	0	0	0	5182	0	50910.24	-549.37	3.7	0	5.79	0	38	54
